10
79957
453846
263072
289861
16800
255918
107770
176262
398592
84744
439560
232109
152269
248002
36176
266775
8998
43468
143921
92329
109392
412335
499872
269976
312214
192574
280311
359443
489272
69102
65660
272409
476140
405381
132502
454081
274922
387285
241536
181326
68689
340947
146457
132519
437682
171511
23259
334297
362235
499015
237591
22315
172924
281864
45701
402141
118215
167024
362809
289621
200097
67303
360222
29451
167500
495338
96504
360924
89667
117820
216811
368313
381947
352576
102046
259753
236335
226224
205748
35566
446935
21051
35415
55126
334766
452253
28506
404584
214803
268247
285006
78864
466162
47240
247698
406361
196674
93495
137322
22770
