100
2 121
1 01
1 42
2 164
1 21
6 1101021
1 01
3 8748
4 00801
6 4147911
6 0060001
6 7799634
1 11
6 3009001
5 201002
6 0000001
2 901
6 3001741
0 1
6 0080081
1 43
4 11111
6 4000001
6 9920001
3 6099
6 8870473
5 020097
5 726001
6 3000091
2 111
6 1102201
6 0000001
4 00861
6 0005001
2 506
6 9600305
6 6570461
6 1111111
6 0000981
4 01821
6 2110111
6 1222221
6 5074001
6 0008055
6 2220222
6 4752158
6 0000001
4 11111
1 91
6 2040001
6 5059562
6 2900781
6 0400001
6 4000601
6 0002001
2 211
5 000001
1 09
6 0000001
6 1500001
0 1
6 7558614
2 701
6 1206001
5 110011
6 1022201
1 04
5 000001
6 0000001
6 0705051
2 008
6 6810001
1 61
1 12
2 301
6 0000001
6 0220202
1 03
6 0000052
6 0000029
0 1
6 2111121
6 2084001
6 2120112
0 7
4 30201
6 0000001
6 7396057
0 1
6 0800001
6 9999999
6 0070008
0 1
6 6512425